SAGoG Results on DSADS
======================================================================
Best Epoch: 2
Test Accuracy: 0.0386
Test F1 (Weighted): 0.0084
Test F1 (Macro): 0.0084

Detailed Classification Report:
              precision    recall  f1-score   support

         0.0     0.0000    0.0000    0.0000       120
         1.0     0.0000    0.0000    0.0000       120
         2.0     0.0000    0.0000    0.0000       120
         3.0     0.0000    0.0000    0.0000       120
         4.0     0.0000    0.0000    0.0000       120
         5.0     0.0718    0.5250    0.1263       120
         6.0     0.0000    0.0000    0.0000       120
         7.0     0.0000    0.0000    0.0000       120
         8.0     0.0000    0.0000    0.0000       120
         9.0     0.0000    0.0000    0.0000       120
        10.0     0.0000    0.0000    0.0000       120
        11.0     0.0000    0.0000    0.0000       120
        12.0     0.0000    0.0000    0.0000       120
        13.0     0.0000    0.0000    0.0000       120
        14.0     0.0000    0.0000    0.0000       120
        15.0     0.0178    0.2083    0.0329       120
        16.0     0.0000    0.0000    0.0000       120
        17.0     0.0000    0.0000    0.0000       120
        18.0     0.0000    0.0000    0.0000       120

    accuracy                         0.0386      2280
   macro avg     0.0047    0.0386    0.0084      2280
weighted avg     0.0047    0.0386    0.0084      2280
