SAGoG Results on KU-HAR
======================================================================
Best Epoch: 11
Test Accuracy: 0.1765
Test F1 (Weighted): 0.0828
Test F1 (Macro): 0.0473

Detailed Classification Report:
              precision    recall  f1-score   support

         0.0     0.3413    0.2938    0.3158       388
         1.0     0.0000    0.0000    0.0000       388
         2.0     0.1950    0.4447    0.2712       371
         3.0     0.0000    0.0000    0.0000       368
         4.0     0.1525    1.0000    0.2646       450
         5.0     0.0000    0.0000    0.0000       359
         6.0     0.0000    0.0000    0.0000       352
         7.0     0.0000    0.0000    0.0000       255
         8.0     0.0000    0.0000    0.0000       120
         9.0     0.0000    0.0000    0.0000        86
        10.0     0.0000    0.0000    0.0000       206
        11.0     0.0000    0.0000    0.0000       154
        12.0     0.0000    0.0000    0.0000        61
        13.0     0.0000    0.0000    0.0000        59
        14.0     0.0000    0.0000    0.0000        94
        15.0     0.0000    0.0000    0.0000       161
        16.0     0.0000    0.0000    0.0000       173
        17.0     0.0000    0.0000    0.0000        86

    accuracy                         0.1765      4131
   macro avg     0.0383    0.0966    0.0473      4131
weighted avg     0.0662    0.1765    0.0828      4131
