SAGoG Results on OPPORTUNITY
======================================================================
Best Epoch: 1
Test Accuracy: 0.2368
Test F1 (Weighted): 0.0906
Test F1 (Macro): 0.0225

Detailed Classification Report:
              precision    recall  f1-score   support

           0     0.0000    0.0000    0.0000        64
           1     0.0000    0.0000    0.0000        73
           2     0.0000    0.0000    0.0000        74
           3     0.0000    0.0000    0.0000        72
           4     0.0000    0.0000    0.0000        81
           5     0.0000    0.0000    0.0000        75
           6     0.0000    0.0000    0.0000        62
           7     0.0000    0.0000    0.0000        55
           8     0.0000    0.0000    0.0000        45
           9     0.0000    0.0000    0.0000        31
          10     0.0000    0.0000    0.0000        37
          11     0.0000    0.0000    0.0000        30
          12     0.0000    0.0000    0.0000        39
          13     0.0000    0.0000    0.0000        45
          14     0.0000    0.0000    0.0000        85
          15     0.2368    1.0000    0.3829       286
          16     0.0000    0.0000    0.0000        54

    accuracy                         0.2368      1208
   macro avg     0.0139    0.0588    0.0225      1208
weighted avg     0.0561    0.2368    0.0906      1208
