SAGoG Results on PAMAP2
======================================================================
Best Epoch: 101
Test Accuracy: 0.2230
Test F1 (Weighted): 0.1571
Test F1 (Macro): 0.1172

Detailed Classification Report:
              precision    recall  f1-score   support

         0.0     0.0000    0.0000    0.0000       459
         1.0     0.0112    0.0022    0.0037       445
         2.0     0.2687    0.5490    0.3608       490
         3.0     0.0359    0.0296    0.0325       574
         4.0     0.0000    0.0000    0.0000       312
         5.0     0.2200    0.2915    0.2507       446
         6.0     0.0000    0.0000    0.0000       555
         7.0     0.0000    0.0000    0.0000       250
         8.0     0.4867    0.8336    0.6146       613
         9.0     0.0000    0.0000    0.0000       162
        10.0     0.1680    0.8754    0.2818       297
        11.0     0.0039    0.0039    0.0039       256
        12.0     0.2554    0.2034    0.2265       408
        13.0     0.2137    0.2983    0.2490       657
        14.0     0.0000    0.0000    0.0000       213
        15.0     0.0898    0.0813    0.0853       283
        16.0     0.0000    0.0000    0.0000       138
        17.0     0.0000    0.0000    0.0000       128

    accuracy                         0.2230      6686
   macro avg     0.0974    0.1760    0.1172      6686
weighted avg     0.1308    0.2230    0.1571      6686
