MPTSNet Results on DSADS
======================================================================
Best Epoch: 10
Test Accuracy: 0.8298
Test F1 (Weighted): 0.8261
Test F1 (Macro): 0.8261

Detailed Classification Report:
              precision    recall  f1-score   support

         0.0     0.7256    0.9917    0.8380       120
         1.0     0.8571    0.5000    0.6316       120
         2.0     1.0000    1.0000    1.0000       120
         3.0     1.0000    1.0000    1.0000       120
         4.0     1.0000    0.9500    0.9744       120
         5.0     0.9912    0.9333    0.9614       120
         6.0     0.3949    0.5167    0.4477       120
         7.0     0.6832    0.5750    0.6244       120
         8.0     0.9672    0.4917    0.6519       120
         9.0     0.6126    0.9750    0.7524       120
        10.0     0.8824    0.5000    0.6383       120
        11.0     0.7727    0.7083    0.7391       120
        12.0     0.8440    0.9917    0.9119       120
        13.0     0.7521    0.7583    0.7552       120
        14.0     0.9917    1.0000    0.9959       120
        15.0     1.0000    0.9000    0.9474       120
        16.0     1.0000    1.0000    1.0000       120
        17.0     0.9231    1.0000    0.9600       120
        18.0     0.7800    0.9750    0.8667       120

    accuracy                         0.8298      2280
   macro avg     0.8515    0.8298    0.8261      2280
weighted avg     0.8515    0.8298    0.8261      2280
