MPTSNet Results on KU-HAR
======================================================================
Best Epoch: 10
Test Accuracy: 0.7095
Test F1 (Weighted): 0.6893
Test F1 (Macro): 0.7196

Detailed Classification Report:
              precision    recall  f1-score   support

         0.0     0.1667    0.0077    0.0148       388
         1.0     0.3313    0.9768    0.4948       388
         2.0     0.9019    0.5202    0.6598       371
         3.0     0.8892    0.9375    0.9127       368
         4.0     0.9583    0.9200    0.9388       450
         5.0     0.7817    0.3092    0.4431       359
         6.0     0.9785    0.9062    0.9410       352
         7.0     0.8814    0.8745    0.8780       255
         8.0     0.9746    0.9583    0.9664       120
         9.0     0.8987    0.8256    0.8606        86
        10.0     0.8099    0.9515    0.8750       206
        11.0     0.6099    0.8831    0.7215       154
        12.0     0.8182    0.5902    0.6857        61
        13.0     0.7097    0.3729    0.4889        59
        14.0     0.7909    0.9255    0.8529        94
        15.0     0.6839    0.6584    0.6709       161
        16.0     0.7626    0.6127    0.6795       173
        17.0     0.9452    0.8023    0.8679        86

    accuracy                         0.7095      4131
   macro avg     0.7718    0.7240    0.7196      4131
weighted avg     0.7457    0.7095    0.6893      4131
