MPTSNet Results on OPPORTUNITY
======================================================================
Best Epoch: 9
Test Accuracy: 0.5786
Test F1 (Weighted): 0.5695
Test F1 (Macro): 0.4497

Detailed Classification Report:
              precision    recall  f1-score   support

           0     0.9565    0.3438    0.5057        64
           1     0.8406    0.7945    0.8169        73
           2     0.4897    0.9595    0.6484        74
           3     0.7826    0.7500    0.7660        72
           4     0.7083    0.2099    0.3238        81
           5     0.6512    0.3733    0.4746        75
           6     0.2353    0.0645    0.1013        62
           7     0.5357    0.2727    0.3614        55
           8     0.1951    0.5333    0.2857        45
           9     0.4444    0.5161    0.4776        31
          10     0.0000    0.0000    0.0000        37
          11     0.1200    0.1000    0.1091        30
          12     0.1655    0.6154    0.2609        39
          13     0.4600    0.5111    0.4842        45
          14     0.8444    0.4471    0.5846        85
          15     0.9003    0.9476    0.9233       286
          16     0.4769    0.5741    0.5210        54

    accuracy                         0.5786      1208
   macro avg     0.5180    0.4713    0.4497      1208
weighted avg     0.6405    0.5786    0.5695      1208
