MPTSNet Results on PAMAP2
======================================================================
Best Epoch: 6
Test Accuracy: 0.6555
Test F1 (Weighted): 0.6589
Test F1 (Macro): 0.6290

Detailed Classification Report:
              precision    recall  f1-score   support

         0.0     0.9845    0.9695    0.9769       459
         1.0     0.3788    0.4742    0.4212       445
         2.0     0.7018    0.0816    0.1463       490
         3.0     0.9636    0.9216    0.9421       574
         4.0     0.9948    0.6122    0.7579       312
         5.0     0.9822    0.9910    0.9866       446
         6.0     0.9745    0.9622    0.9683       555
         7.0     1.0000    0.9840    0.9919       250
         8.0     0.7340    0.4502    0.5581       613
         9.0     0.9938    0.9938    0.9938       162
        10.0     0.9167    0.9259    0.9213       297
        11.0     0.9762    0.6406    0.7736       256
        12.0     0.5467    0.6029    0.5734       408
        13.0     0.4918    0.5449    0.5170       657
        14.0     0.0000    0.0000    0.0000       213
        15.0     0.1778    0.4594    0.2564       283
        16.0     0.3709    0.9783    0.5378       138
        17.0     0.0000    0.0000    0.0000       128

    accuracy                         0.6555      6686
   macro avg     0.6771    0.6440    0.6290      6686
weighted avg     0.7235    0.6555    0.6589      6686
