MSDL Results on LSST
======================================================================
Best Epoch: 100
Test Accuracy: 0.5126
Test F1 (Weighted): 0.4408
Test F1 (Macro): 0.3048

Detailed Classification Report:
              precision    recall  f1-score   support

           0     0.6465    0.5161    0.5740       124
           1     0.8571    0.6667    0.7500       270
           2     0.3814    0.1178    0.1800       382
           3     0.0000    0.0000    0.0000        63
           4     0.0000    0.0000    0.0000         7
           5     0.4615    0.1714    0.2500        35
           6     1.0000    0.0065    0.0130       153
           7     0.0000    0.0000    0.0000        24
           8     0.4627    0.2971    0.3619       313
           9     0.0000    0.0000    0.0000        68
          10     0.9130    0.5207    0.6632       121
          11     0.4452    0.9730    0.6109       777
          12     0.9821    0.7143    0.8271        77
          13     1.0000    0.0192    0.0377        52

    accuracy                         0.5126      2466
   macro avg     0.5107    0.2859    0.3048      2466
weighted avg     0.5496    0.5126    0.4408      2466
