MSDL Results on PhonemeSpectra
======================================================================
Best Epoch: 91
Test Accuracy: 0.2723
Test F1 (Weighted): 0.2637
Test F1 (Macro): 0.2637

Detailed Classification Report:
              precision    recall  f1-score   support

           0     0.2308    0.2093    0.2195        86
           1     0.2889    0.3023    0.2955        86
           2     0.1370    0.1163    0.1258        86
           3     0.1948    0.1744    0.1840        86
           4     0.2593    0.1628    0.2000        86
           5     0.3133    0.3023    0.3077        86
           6     0.3435    0.5233    0.4147        86
           7     0.2192    0.5581    0.3148        86
           8     0.2234    0.2442    0.2333        86
           9     0.4624    0.5000    0.4804        86
          10     0.2344    0.1744    0.2000        86
          11     0.2273    0.2326    0.2299        86
          12     0.2556    0.2674    0.2614        86
          13     0.1644    0.1395    0.1509        86
          14     0.1944    0.0814    0.1148        86
          15     0.3800    0.2209    0.2794        86
          16     0.2456    0.3256    0.2800        86
          17     0.3214    0.4186    0.3636        86
          18     0.2703    0.1163    0.1626        86
          19     0.1625    0.1512    0.1566        86
          20     0.2371    0.2674    0.2514        86
          21     0.3030    0.3488    0.3243        86
          22     0.2409    0.3837    0.2960        86
          23     0.4561    0.3023    0.3636        86
          24     0.1351    0.1163    0.1250        86
          25     0.3628    0.4767    0.4121        86
          26     0.1429    0.0581    0.0826        86
          27     0.1231    0.0930    0.1060        86
          28     0.3261    0.3488    0.3371        86
          29     0.6000    0.3837    0.4681        86
          30     0.1299    0.1163    0.1227        86
          31     0.2500    0.1860    0.2133        86
          32     0.1619    0.1977    0.1780        86
          33     0.2676    0.2209    0.2420        86
          34     0.2308    0.2093    0.2195        86
          35     0.3565    0.4767    0.4080        86
          36     0.2952    0.3605    0.3246        86
          37     0.3958    0.4419    0.4176        86
          38     0.4268    0.4118    0.4192        85

    accuracy                         0.2723      3353
   macro avg     0.2710    0.2723    0.2637      3353
weighted avg     0.2710    0.2723    0.2637      3353
