GTWIDL Results on DSADS
======================================================================
Test Accuracy: 0.5636
Test F1 (Weighted): 0.5483
Test F1 (Macro): 0.5483

Detailed Classification Report:
              precision    recall  f1-score   support

         0.0     0.5000    0.1417    0.2208       120
         1.0     0.0102    0.0083    0.0092       120
         2.0     1.0000    1.0000    1.0000       120
         3.0     1.0000    0.5083    0.6740       120
         4.0     0.5067    0.6333    0.5630       120
         5.0     1.0000    0.0833    0.1538       120
         6.0     0.3000    0.5000    0.3750       120
         7.0     0.2805    0.5167    0.3636       120
         8.0     0.6250    0.5000    0.5556       120
         9.0     0.5050    0.8417    0.6312       120
        10.0     0.0690    0.0500    0.0580       120
        11.0     0.5047    0.4500    0.4758       120
        12.0     0.9375    0.6250    0.7500       120
        13.0     0.9449    1.0000    0.9717       120
        14.0     0.6704    1.0000    0.8027       120
        15.0     1.0000    0.5167    0.6813       120
        16.0     1.0000    1.0000    1.0000       120
        17.0     0.4286    0.6250    0.5085       120
        18.0     0.5556    0.7083    0.6227       120

    accuracy                         0.5636      2280
   macro avg     0.6231    0.5636    0.5483      2280
weighted avg     0.6231    0.5636    0.5483      2280
