GTWIDL Results on KU-HAR
======================================================================
Test Accuracy: 0.4570
Test F1 (Weighted): 0.4056
Test F1 (Macro): 0.4034

Detailed Classification Report:
              precision    recall  f1-score   support

         0.0     0.2420    1.0000    0.3898       388
         1.0     0.0000    0.0000    0.0000       388
         2.0     0.0000    0.0000    0.0000       371
         3.0     0.6000    0.7663    0.6730       368
         4.0     0.5540    0.7756    0.6463       450
         5.0     0.5211    0.1031    0.1721       359
         6.0     0.8904    0.7386    0.8075       352
         7.0     0.4387    0.4353    0.4370       255
         8.0     0.6393    0.6500    0.6446       120
         9.0     0.8000    0.1860    0.3019        86
        10.0     0.6159    0.4515    0.5210       206
        11.0     0.3841    0.3442    0.3630       154
        12.0     0.0000    0.0000    0.0000        61
        13.0     0.7619    0.2712    0.4000        59
        14.0     0.6667    0.7447    0.7035        94
        15.0     0.6184    0.2919    0.3966       161
        16.0     0.5888    0.3642    0.4500       173
        17.0     0.4545    0.2907    0.3546        86

    accuracy                         0.4570      4131
   macro avg     0.4876    0.4118    0.4034      4131
weighted avg     0.4493    0.4570    0.4056      4131
