MPTSNet Results on DSADS
======================================================================
Best Epoch: 14
Test Accuracy: 0.8425
Test F1 (Weighted): 0.8374
Test F1 (Macro): 0.8374

Detailed Classification Report:
              precision    recall  f1-score   support

         0.0     0.7407    1.0000    0.8511       120
         1.0     0.8372    0.6000    0.6990       120
         2.0     1.0000    0.9917    0.9958       120
         3.0     0.9836    1.0000    0.9917       120
         4.0     0.9091    1.0000    0.9524       120
         5.0     0.9537    0.8583    0.9035       120
         6.0     0.4960    0.5167    0.5061       120
         7.0     0.6389    0.5750    0.6053       120
         8.0     0.9836    0.5000    0.6630       120
         9.0     0.6685    0.9917    0.7987       120
        10.0     0.6667    0.5000    0.5714       120
        11.0     0.8016    0.8417    0.8211       120
        12.0     0.9677    1.0000    0.9836       120
        13.0     0.7197    0.7917    0.7540       120
        14.0     0.9836    1.0000    0.9917       120
        15.0     1.0000    0.8500    0.9189       120
        16.0     1.0000    1.0000    1.0000       120
        17.0     0.9836    1.0000    0.9917       120
        18.0     0.8440    0.9917    0.9119       120

    accuracy                         0.8425      2280
   macro avg     0.8515    0.8425    0.8374      2280
weighted avg     0.8515    0.8425    0.8374      2280
