MPTSNet Results on KU-HAR
======================================================================
Test Accuracy: 0.8533
Test F1 (Weighted): 0.8525
Test F1 (Macro): 0.8583

Detailed Classification Report:
              precision    recall  f1-score   support

         0.0     0.6507    0.8402    0.7334       388
         1.0     0.7127    0.6649    0.6880       388
         2.0     0.8757    0.8356    0.8552       371
         3.0     0.9321    0.9701    0.9507       368
         4.0     0.9693    0.9822    0.9757       450
         5.0     0.7347    0.6017    0.6616       359
         6.0     0.9574    0.9574    0.9574       352
         7.0     0.9167    0.9490    0.9326       255
         8.0     0.9915    0.9750    0.9832       120
         9.0     0.9375    0.8721    0.9036        86
        10.0     0.9637    0.9029    0.9323       206
        11.0     0.8758    0.8701    0.8730       154
        12.0     0.7966    0.7705    0.7833        61
        13.0     0.8571    0.7119    0.7778        59
        14.0     0.9394    0.9894    0.9637        94
        15.0     0.8387    0.8075    0.8228       161
        16.0     0.8571    0.7630    0.8073       173
        17.0     0.7714    0.9419    0.8482        86

    accuracy                         0.8533      4131
   macro avg     0.8655    0.8559    0.8583      4131
weighted avg     0.8564    0.8533    0.8525      4131
