MPTSNet Results on LSST
======================================================================
Best Epoch: 24
Test Accuracy: 0.6407
Test F1 (Weighted): 0.6225
Test F1 (Macro): 0.5039

Detailed Classification Report:
              precision    recall  f1-score   support

           0     0.5812    0.5484    0.5643       124
           1     0.8469    0.9222    0.8830       270
           2     0.4490    0.4607    0.4548       382
           3     0.0000    0.0000    0.0000        63
           4     1.0000    0.8571    0.9231         7
           5     0.6154    0.2286    0.3333        35
           6     0.3309    0.3007    0.3151       153
           7     0.2500    0.0417    0.0714        24
           8     0.7233    0.7348    0.7290       313
           9     0.2800    0.2059    0.2373        68
          10     0.9316    0.9008    0.9160       121
          11     0.6717    0.7979    0.7294       777
          12     0.7963    0.5584    0.6565        77
          13     0.3226    0.1923    0.2410        52

    accuracy                         0.6407      2466
   macro avg     0.5571    0.4821    0.5039      2466
weighted avg     0.6146    0.6407    0.6225      2466
