MPTSNet Results on OPPORTUNITY
======================================================================
Best Epoch: 36
Test Accuracy: 0.7467
Test F1 (Weighted): 0.7483
Test F1 (Macro): 0.6678

Detailed Classification Report:
              precision    recall  f1-score   support

           0     0.8393    0.7344    0.7833        64
           1     0.8219    0.8219    0.8219        73
           2     0.7727    0.9189    0.8395        74
           3     0.8197    0.6944    0.7519        72
           4     0.7778    0.7778    0.7778        81
           5     0.8125    0.5200    0.6341        75
           6     0.7317    0.4839    0.5825        62
           7     0.8387    0.4727    0.6047        55
           8     0.4237    0.5556    0.4808        45
           9     0.6000    0.5806    0.5902        31
          10     0.4444    0.5405    0.4878        37
          11     0.3125    0.3333    0.3226        30
          12     0.6579    0.6410    0.6494        39
          13     0.6829    0.6222    0.6512        45
          14     0.9146    0.8824    0.8982        85
          15     0.9262    0.9650    0.9452       286
          16     0.4038    0.7778    0.5316        54

    accuracy                         0.7467      1208
   macro avg     0.6930    0.6660    0.6678      1208
weighted avg     0.7696    0.7467    0.7483      1208
