MPTSNet Results on PAMAP2
======================================================================
Test Accuracy: 0.7106
Test F1 (Weighted): 0.7135
Test F1 (Macro): 0.6853

Detailed Classification Report:
              precision    recall  f1-score   support

         0.0     0.9271    0.9695    0.9478       459
         1.0     0.4433    0.4921    0.4665       445
         2.0     0.6074    0.7041    0.6522       490
         3.0     0.7452    0.6777    0.7099       574
         4.0     0.9924    0.8365    0.9078       312
         5.0     0.9112    0.9888    0.9484       446
         6.0     0.9847    0.6973    0.8165       555
         7.0     0.9843    1.0000    0.9921       250
         8.0     0.8082    0.7357    0.7703       613
         9.0     0.9205    1.0000    0.9586       162
        10.0     0.8498    0.8384    0.8441       297
        11.0     0.9140    0.6641    0.7692       256
        12.0     0.5162    0.5466    0.5310       408
        13.0     0.6810    0.7473    0.7126       657
        14.0     0.0000    0.0000    0.0000       213
        15.0     0.3746    0.3958    0.3849       283
        16.0     0.4787    0.9783    0.6429       138
        17.0     0.9545    0.1641    0.2800       128

    accuracy                         0.7106      6686
   macro avg     0.7274    0.6909    0.6853      6686
weighted avg     0.7389    0.7106    0.7135      6686
