MPTSNet Results on PhonemeSpectra
======================================================================
Best Epoch: 15
Test Accuracy: 0.1172
Test F1 (Weighted): 0.1095
Test F1 (Macro): 0.1095

Detailed Classification Report:
              precision    recall  f1-score   support

           0     0.0469    0.0349    0.0400        86
           1     0.1525    0.1047    0.1241        86
           2     0.0161    0.0116    0.0135        86
           3     0.1069    0.1977    0.1388        86
           4     0.0988    0.0930    0.0958        86
           5     0.0667    0.1163    0.0847        86
           6     0.1818    0.2093    0.1946        86
           7     0.1579    0.0349    0.0571        86
           8     0.1227    0.3140    0.1765        86
           9     0.1250    0.0349    0.0545        86
          10     0.0976    0.0465    0.0630        86
          11     0.0949    0.1512    0.1166        86
          12     0.0286    0.0116    0.0165        86
          13     0.1417    0.1977    0.1650        86
          14     0.1358    0.2558    0.1774        86
          15     0.2857    0.2093    0.2416        86
          16     0.0746    0.0581    0.0654        86
          17     0.1212    0.0930    0.1053        86
          18     0.1296    0.1628    0.1443        86
          19     0.1860    0.2791    0.2233        86
          20     0.0761    0.0814    0.0787        86
          21     0.1212    0.1395    0.1297        86
          22     0.1236    0.1279    0.1257        86
          23     0.1549    0.1279    0.1401        86
          24     0.0597    0.0465    0.0523        86
          25     0.1493    0.1163    0.1307        86
          26     0.1607    0.1047    0.1268        86
          27     0.0781    0.0581    0.0667        86
          28     0.0353    0.0349    0.0351        86
          29     0.2368    0.1047    0.1452        86
          30     0.1194    0.0930    0.1046        86
          31     0.0909    0.1512    0.1135        86
          32     0.0723    0.0698    0.0710        86
          33     0.0465    0.0233    0.0310        86
          34     0.0833    0.0930    0.0879        86
          35     0.2083    0.3488    0.2609        86
          36     0.1200    0.0698    0.0882        86
          37     0.1231    0.0930    0.1060        86
          38     0.0870    0.0706    0.0779        85

    accuracy                         0.1172      3353
   macro avg     0.1158    0.1172    0.1095      3353
weighted avg     0.1158    0.1172    0.1095      3353
