MPTSNet Results on REALDISP
======================================================================
Best Epoch: 9
Test Accuracy: 0.8587
Test F1 (Weighted): 0.8517
Test F1 (Macro): 0.8111

Detailed Classification Report:
              precision    recall  f1-score   support

         0.0     0.8287    0.9713    0.8943       244
         1.0     0.5952    0.9259    0.7246       162
         2.0     0.9076    0.5243    0.6646       206
         3.0     0.6800    0.8095    0.7391        21
         4.0     0.9429    0.6000    0.7333        55
         5.0     0.9500    0.7037    0.8085        54
         6.0     1.0000    0.9872    0.9935        78
         7.0     0.8000    1.0000    0.8889        24
         8.0     0.9847    1.0000    0.9923       129
         9.0     1.0000    1.0000    1.0000       108
        10.0     0.7039    1.0000    0.8263       107
        11.0     1.0000    0.4886    0.6565        88
        12.0     1.0000    1.0000    1.0000        68
        13.0     1.0000    0.5091    0.6747        55
        14.0     0.8462    0.2157    0.3438        51
        15.0     1.0000    0.5283    0.6914        53
        16.0     1.0000    0.6286    0.7719        35
        17.0     0.3535    1.0000    0.5224        35
        18.0     1.0000    1.0000    1.0000        47
        19.0     0.9245    1.0000    0.9608        49
        20.0     0.7302    1.0000    0.8440        46
        21.0     0.9344    1.0000    0.9661        57
        22.0     0.9452    1.0000    0.9718        69
        23.0     0.5217    0.3243    0.4000        37
        24.0     1.0000    1.0000    1.0000        47
        25.0     1.0000    0.6667    0.8000        12
        26.0     1.0000    0.2857    0.4444        14
        27.0     0.8657    0.7250    0.7891        80
        28.0     0.7402    0.8034    0.7705       117
        29.0     0.8333    1.0000    0.9091        65
        30.0     0.9886    1.0000    0.9943       174
        31.0     0.9826    1.0000    0.9912       226
        32.0     1.0000    1.0000    1.0000       175

    accuracy                         0.8587      2788
   macro avg     0.8806    0.8090    0.8111      2788
weighted avg     0.8898    0.8587    0.8517      2788
