SAGoG Results on LSST
======================================================================
Best Epoch: 1
Test Accuracy: 0.3151
Test F1 (Weighted): 0.1510
Test F1 (Macro): 0.0342

Detailed Classification Report:
              precision    recall  f1-score   support

           0     0.0000    0.0000    0.0000       124
           1     0.0000    0.0000    0.0000       270
           2     0.0000    0.0000    0.0000       382
           3     0.0000    0.0000    0.0000        63
           4     0.0000    0.0000    0.0000         7
           5     0.0000    0.0000    0.0000        35
           6     0.0000    0.0000    0.0000       153
           7     0.0000    0.0000    0.0000        24
           8     0.0000    0.0000    0.0000       313
           9     0.0000    0.0000    0.0000        68
          10     0.0000    0.0000    0.0000       121
          11     0.3151    1.0000    0.4792       777
          12     0.0000    0.0000    0.0000        77
          13     0.0000    0.0000    0.0000        52

    accuracy                         0.3151      2466
   macro avg     0.0225    0.0714    0.0342      2466
weighted avg     0.0993    0.3151    0.1510      2466
