SAGoG Results on PhonemeSpectra
======================================================================
Best Epoch: 1
Test Accuracy: 0.0256
Test F1 (Weighted): 0.0013
Test F1 (Macro): 0.0013

Detailed Classification Report:
              precision    recall  f1-score   support

           0     0.0000    0.0000    0.0000        86
           1     0.0000    0.0000    0.0000        86
           2     0.0000    0.0000    0.0000        86
           3     0.0000    0.0000    0.0000        86
           4     0.0000    0.0000    0.0000        86
           5     0.0000    0.0000    0.0000        86
           6     0.0000    0.0000    0.0000        86
           7     0.0000    0.0000    0.0000        86
           8     0.0000    0.0000    0.0000        86
           9     0.0000    0.0000    0.0000        86
          10     0.0000    0.0000    0.0000        86
          11     0.0000    0.0000    0.0000        86
          12     0.0000    0.0000    0.0000        86
          13     0.0000    0.0000    0.0000        86
          14     0.0000    0.0000    0.0000        86
          15     0.0000    0.0000    0.0000        86
          16     0.0000    0.0000    0.0000        86
          17     0.0000    0.0000    0.0000        86
          18     0.0000    0.0000    0.0000        86
          19     0.0000    0.0000    0.0000        86
          20     0.0000    0.0000    0.0000        86
          21     0.0000    0.0000    0.0000        86
          22     0.0000    0.0000    0.0000        86
          23     0.0000    0.0000    0.0000        86
          24     0.0000    0.0000    0.0000        86
          25     0.0000    0.0000    0.0000        86
          26     0.0000    0.0000    0.0000        86
          27     0.0000    0.0000    0.0000        86
          28     0.0000    0.0000    0.0000        86
          29     0.0000    0.0000    0.0000        86
          30     0.0000    0.0000    0.0000        86
          31     0.0000    0.0000    0.0000        86
          32     0.0000    0.0000    0.0000        86
          33     0.0000    0.0000    0.0000        86
          34     0.0000    0.0000    0.0000        86
          35     0.0000    0.0000    0.0000        86
          36     0.0000    0.0000    0.0000        86
          37     0.0256    1.0000    0.0500        86
          38     0.0000    0.0000    0.0000        85

    accuracy                         0.0256      3353
   macro avg     0.0007    0.0256    0.0013      3353
weighted avg     0.0007    0.0256    0.0013      3353
