MSDL Results on DSADS
======================================================================
Best Epoch: 52
Test Accuracy: 0.8601
Test F1 (Weighted): 0.8599
Test F1 (Macro): 0.8599

Detailed Classification Report:
              precision    recall  f1-score   support

         0.0     0.9836    1.0000    0.9917       120
         1.0     0.9524    0.5000    0.6557       120
         2.0     1.0000    0.9667    0.9831       120
         3.0     0.9677    1.0000    0.9836       120
         4.0     1.0000    1.0000    1.0000       120
         5.0     0.9328    0.9250    0.9289       120
         6.0     0.4914    0.4750    0.4831       120
         7.0     0.3744    0.6333    0.4706       120
         8.0     0.9375    0.5000    0.6522       120
         9.0     0.6593    1.0000    0.7947       120
        10.0     1.0000    0.5000    0.6667       120
        11.0     0.9752    0.9833    0.9793       120
        12.0     1.0000    0.9833    0.9916       120
        13.0     0.7852    0.9750    0.8699       120
        14.0     0.9449    1.0000    0.9717       120
        15.0     1.0000    0.9000    0.9474       120
        16.0     0.9756    1.0000    0.9877       120
        17.0     1.0000    1.0000    1.0000       120
        18.0     0.9600    1.0000    0.9796       120

    accuracy                         0.8601      2280
   macro avg     0.8916    0.8601    0.8599      2280
weighted avg     0.8916    0.8601    0.8599      2280
