MSDL Results on KU-HAR
======================================================================
Best Epoch: 97
Test Accuracy: 0.8184
Test F1 (Weighted): 0.8006
Test F1 (Macro): 0.8650

Detailed Classification Report:
              precision    recall  f1-score   support

         0.0     0.4500    0.0928    0.1538       388
         1.0     0.3961    0.9536    0.5598       388
         2.0     0.8665    0.8922    0.8792       371
         3.0     0.9677    0.9783    0.9730       368
         4.0     0.9349    0.9889    0.9611       450
         5.0     0.8943    0.3064    0.4564       359
         6.0     0.9971    0.9631    0.9798       352
         7.0     0.9839    0.9569    0.9702       255
         8.0     0.9915    0.9667    0.9789       120
         9.0     0.9878    0.9419    0.9643        86
        10.0     0.9895    0.9126    0.9495       206
        11.0     0.9735    0.9545    0.9639       154
        12.0     0.9231    0.9836    0.9524        61
        13.0     1.0000    0.9153    0.9558        59
        14.0     0.9479    0.9681    0.9579        94
        15.0     0.9755    0.9876    0.9815       161
        16.0     0.9765    0.9595    0.9679       173
        17.0     0.9545    0.9767    0.9655        86

    accuracy                         0.8184      4131
   macro avg     0.9006    0.8721    0.8650      4131
weighted avg     0.8520    0.8184    0.8006      4131
