MSDL Results on OPPORTUNITY
======================================================================
Best Epoch: 96
Test Accuracy: 0.7666
Test F1 (Weighted): 0.7669
Test F1 (Macro): 0.6967

Detailed Classification Report:
              precision    recall  f1-score   support

           0     0.6714    0.7344    0.7015        64
           1     0.9841    0.8493    0.9118        73
           2     0.6842    0.7027    0.6933        74
           3     0.8537    0.9722    0.9091        72
           4     0.5804    0.8025    0.6736        81
           5     0.8936    0.5600    0.6885        75
           6     0.6591    0.4677    0.5472        62
           7     0.6667    0.7636    0.7119        55
           8     0.4528    0.5333    0.4898        45
           9     0.3729    0.7097    0.4889        31
          10     0.5000    0.4054    0.4478        37
          11     0.7500    0.4000    0.5217        30
          12     0.7838    0.7436    0.7632        39
          13     0.6825    0.9556    0.7963        45
          14     0.8721    0.8824    0.8772        85
          15     0.9711    0.9406    0.9556       286
          16     0.9333    0.5185    0.6667        54

    accuracy                         0.7666      1208
   macro avg     0.7242    0.7024    0.6967      1208
weighted avg     0.7905    0.7666    0.7669      1208
