MSDL Results on PAMAP2
======================================================================
Best Epoch: 27
Test Accuracy: 0.6970
Test F1 (Weighted): 0.7054
Test F1 (Macro): 0.7113

Detailed Classification Report:
              precision    recall  f1-score   support

         0.0     0.9933    0.9673    0.9801       459
         1.0     0.4932    0.6494    0.5606       445
         2.0     0.7500    0.4224    0.5405       490
         3.0     0.8105    0.8345    0.8223       574
         4.0     0.9956    0.7212    0.8364       312
         5.0     0.8884    0.9641    0.9247       446
         6.0     0.9807    0.7333    0.8392       555
         7.0     0.9686    0.9880    0.9782       250
         8.0     0.8706    0.6803    0.7637       613
         9.0     0.9939    1.0000    0.9969       162
        10.0     0.6564    0.8620    0.7453       297
        11.0     0.8542    0.6406    0.7321       256
        12.0     0.6325    0.8309    0.7182       408
        13.0     0.4276    0.3912    0.4086       657
        14.0     0.0064    0.0094    0.0076       213
        15.0     0.2108    0.2898    0.2440       283
        16.0     0.6044    0.9855    0.7493       138
        17.0     1.0000    0.9141    0.9551       128

    accuracy                         0.6970      6686
   macro avg     0.7298    0.7158    0.7113      6686
weighted avg     0.7360    0.6970    0.7054      6686
