MSDL Results on REALDISP
======================================================================
Best Epoch: 1
Test Accuracy: 0.0875
Test F1 (Weighted): 0.0141
Test F1 (Macro): 0.0049

Detailed Classification Report:
              precision    recall  f1-score   support

         0.0     0.0875    1.0000    0.1609       244
         1.0     0.0000    0.0000    0.0000       162
         2.0     0.0000    0.0000    0.0000       206
         3.0     0.0000    0.0000    0.0000        21
         4.0     0.0000    0.0000    0.0000        55
         5.0     0.0000    0.0000    0.0000        54
         6.0     0.0000    0.0000    0.0000        78
         7.0     0.0000    0.0000    0.0000        24
         8.0     0.0000    0.0000    0.0000       129
         9.0     0.0000    0.0000    0.0000       108
        10.0     0.0000    0.0000    0.0000       107
        11.0     0.0000    0.0000    0.0000        88
        12.0     0.0000    0.0000    0.0000        68
        13.0     0.0000    0.0000    0.0000        55
        14.0     0.0000    0.0000    0.0000        51
        15.0     0.0000    0.0000    0.0000        53
        16.0     0.0000    0.0000    0.0000        35
        17.0     0.0000    0.0000    0.0000        35
        18.0     0.0000    0.0000    0.0000        47
        19.0     0.0000    0.0000    0.0000        49
        20.0     0.0000    0.0000    0.0000        46
        21.0     0.0000    0.0000    0.0000        57
        22.0     0.0000    0.0000    0.0000        69
        23.0     0.0000    0.0000    0.0000        37
        24.0     0.0000    0.0000    0.0000        47
        25.0     0.0000    0.0000    0.0000        12
        26.0     0.0000    0.0000    0.0000        14
        27.0     0.0000    0.0000    0.0000        80
        28.0     0.0000    0.0000    0.0000       117
        29.0     0.0000    0.0000    0.0000        65
        30.0     0.0000    0.0000    0.0000       174
        31.0     0.0000    0.0000    0.0000       226
        32.0     0.0000    0.0000    0.0000       175

    accuracy                         0.0875      2788
   macro avg     0.0027    0.0303    0.0049      2788
weighted avg     0.0077    0.0875    0.0141      2788
