GTWIDL Results on LSST
======================================================================
Test Accuracy: 0.3390
Test F1 (Weighted): 0.1835
Test F1 (Macro): 0.0846

Detailed Classification Report:
              precision    recall  f1-score   support

           0     0.0000    0.0000    0.0000       124
           1     0.3333    0.0333    0.0606       270
           2     0.0000    0.0000    0.0000       382
           3     0.0000    0.0000    0.0000        63
           4     0.0000    0.0000    0.0000         7
           5     0.0000    0.0000    0.0000        35
           6     0.0000    0.0000    0.0000       153
           7     0.0000    0.0000    0.0000        24
           8     0.1111    0.0032    0.0062       313
           9     0.0000    0.0000    0.0000        68
          10     0.0000    0.0000    0.0000       121
          11     0.3309    0.9987    0.4971       777
          12     0.5952    0.6494    0.6211        77
          13     0.0000    0.0000    0.0000        52

    accuracy                         0.3390      2466
   macro avg     0.0979    0.1203    0.0846      2466
weighted avg     0.1735    0.3390    0.1835      2466
