GTWIDL Results on PhonemeSpectra
======================================================================
Test Accuracy: 0.0659
Test F1 (Weighted): 0.0255
Test F1 (Macro): 0.0255

Detailed Classification Report:
              precision    recall  f1-score   support

           0     0.0000    0.0000    0.0000        86
           1     0.0000    0.0000    0.0000        86
           2     0.0331    0.1395    0.0535        86
           3     0.0000    0.0000    0.0000        86
           4     0.0000    0.0000    0.0000        86
           5     0.0000    0.0000    0.0000        86
           6     0.0000    0.0000    0.0000        86
           7     0.0978    0.4070    0.1577        86
           8     0.0000    0.0000    0.0000        86
           9     0.0549    0.2209    0.0880        86
          10     0.0000    0.0000    0.0000        86
          11     0.0000    0.0000    0.0000        86
          12     0.0000    0.0000    0.0000        86
          13     0.0000    0.0000    0.0000        86
          14     0.0000    0.0000    0.0000        86
          15     0.0690    0.0465    0.0556        86
          16     0.0000    0.0000    0.0000        86
          17     0.1390    0.3023    0.1905        86
          18     0.0000    0.0000    0.0000        86
          19     0.0000    0.0000    0.0000        86
          20     0.0000    0.0000    0.0000        86
          21     0.0000    0.0000    0.0000        86
          22     0.0000    0.0000    0.0000        86
          23     0.0960    0.1977    0.1293        86
          24     0.0000    0.0000    0.0000        86
          25     0.0000    0.0000    0.0000        86
          26     0.0000    0.0000    0.0000        86
          27     0.0000    0.0000    0.0000        86
          28     0.0000    0.0000    0.0000        86
          29     0.0000    0.0000    0.0000        86
          30     0.0000    0.0000    0.0000        86
          31     0.0000    0.0000    0.0000        86
          32     0.0468    0.5698    0.0864        86
          33     0.0000    0.0000    0.0000        86
          34     0.0000    0.0000    0.0000        86
          35     0.0671    0.2442    0.1053        86
          36     0.0000    0.0000    0.0000        86
          37     0.0000    0.0000    0.0000        86
          38     0.0755    0.4471    0.1293        85

    accuracy                         0.0659      3353
   macro avg     0.0174    0.0660    0.0255      3353
weighted avg     0.0174    0.0659    0.0255      3353
